 cubo: 256.000000
 cuarta: 256.000000 
 quintilla: 256.000000 
