 cubo: 1000.000000
 cuarta: 10000.000000 
 quintilla: 100000.000000 
